0.2322300392424146  12.7142575469839  13.664728114349883  
1.0597110947981678  21.925547946338114  26.54621765343009  
2.1238945820970634  15.016192614815711  10.816346759950704  
0.6104533307670266  18.095773040802293  24.81976779810704  
1.4618635892540455  16.52234009265149  21.19345559912536  
1.9867066253837529  11.350381001662196  8.624287980320656  
3.1804334744825393  27.249089425271006  22.845583565848496  
2.960245345959547  5.926054939193701  12.410160677672764  
4.67619357257261  19.966409185149168  29.48404225374065  
3.653144080951931  8.637297017871354  20.441738589871896  
1.358448728132845  5.359875042172284  16.519632424949  
1.6948406373669314  22.098963249555467  27.853604124349776  
0.2869388107982287  15.682452912181553  23.723041587849856  
3.0601575016410685  8.936184585633995  20.97595599740429  
2.3307838739209203  13.899969615647105  11.62415426673654  
2.1238945820970634  15.016192614815711  27.340220195179338  
0.12259477648952677  7.593468027850157  4.4599052267078  
1.654088500399337  19.259446354096116  11.527631434128805  
0.5471457487357947  20.183046990902806  8.907934651746391  
0.1941820402463339  23.569223871594005  21.718932341772824  
1.0243484267721295  5.926054939193701  7.976290299361306  
2.8110580140732817  8.059941678095559  17.725978703988446  
1.6988564224053953  14.978798718958293  27.76422182417169  
2.008555613260229  11.714730200081641  19.945721558809716  
2.2647890485154814  16.298821097750682  13.154607976371352  
1.3492351516864303  9.151035696430434  6.7059522834034055  
1.0651281646080215  6.020391200205076  8.773631823964074  
1.0011097464660152  12.817929785350227  23.4920997952096  
0.19662828198216076  13.899969615647105  16.110071737391166  
0.6104533307670266  18.47495403938992  17.10798643945368  
2.8274201417171545  20.186335894161687  11.527631434128805  
3.4943321601641846  7.957862632741975  13.564456025085793  
1.4306202032959001  25.53992588193629  29.128266292090917  
3.2450939954143303  15.710579266534944  22.13010176585787  
2.334971132536117  7.511978298531666  21.718932341772824  
2.2983817851898345  21.92026765214078  25.213772734976526  
1.513022623600631  12.068614072150414  8.359174186001358  
2.7738241222442275  24.44720785345393  29.30250658213928  
2.6365963882842958  23.22153588454288  16.752967710415117  
0.9484926747330329  17.96506427069162  22.760747292084716  
0.6951321116215765  8.059941678095559  17.725978703988446  
2.911255699603326  9.492050235366705  22.036012923124964  
