0.0  -0.644575529321399  
0.0  -13.847594079523592  
0.0  -6.178276564598309  
0.0  -5.241761181206708  
0.0  -8.956711044313332  
0.0  -3.4498279694715484  
0.0  -49.479513600440846  
0.0  -2.4217112133962395  
0.0  -60.64087241339114  
0.0  -7.2322804294334695  
0.0  -5.513167557961614  
0.0  -3.985620593484405  
0.0  -7.827552901748054  
0.0  -24.168378771037233  
0.0  -1.47386584076595  
0.0  -0.5778316247626294  
0.0  -0.44710656215048744  
0.0  -2.216550490122838  
0.0  -58.56511051583499  
0.0  -2.1104714803785005  
0.0  -19.483587640584034  
0.0  -0.6640890435325694  
0.0  -2.167823792440454  
0.0  -18.03326726280205  
0.0  -5.012157436417887  
0.0  -4.415963519917145  
0.0  -1.3027510052634788  
0.0  -6.799773588542183  
0.0  -5.178905149828748  
0.0  -2.9567571371962575  
0.0  -0.048848548267259866  
0.0  -2.863305652666343  
0.0  -0.430780038357953  
0.0  -2.739234897260825  
0.0  -4.693177779880404  
0.0  -4.836491407868856  
0.0  -1.8340583031424031  
0.0  -0.29734364450541756  
0.0  -6.0261452014558925  
0.0  -0.07048824367914926  
0.0  -6.0192005187058815  
0.0  -15.229340157841364  
0.0  -0.40616816152826785  
0.0  -0.06554564269170844  
0.0  -0.8574761047706693  
0.0  -0.1810824487550112  
