0.0  1.8186963734112982  
0.0  42.12062267875261  
0.0  14.172626630828095  
0.0  17.204723032019782  
0.0  28.20029961393978  
0.0  8.084170366957224  
0.0  124.21486469888015  
0.0  12.003537560408523  
0.0  208.3471433058656  
0.0  39.198710787412814  
0.0  7.684096524425565  
0.0  75.04259076142954  
0.0  6.443156886584637  
0.0  35.12638501487277  
0.0  15.969773277386604  
0.0  60.594420776744684  
0.0  0.17737874766173156  
0.0  14.875806081317716  
0.0  3.2073152184251916  
0.0  5.763085204675541  
0.0  2.481152781680458  
0.0  22.815549483530614  
0.0  49.94396625252507  
0.0  25.789033559744123  
0.0  21.01368047737845  
0.0  3.5666276329073567  
0.0  2.8863286583455023  
0.0  18.459308639229775  
0.0  2.091736897742599  
0.0  9.328002597814201  
0.0  26.45481733064028  
0.0  19.09294645012731  
0.0  83.2904597081102  
0.0  64.31494020802968  
0.0  25.474007290426357  
0.0  82.47812102819184  
0.0  6.195690045241178  
0.0  154.71452752582  
0.0  49.98699594891626  
0.0  22.576632428249933  
0.0  5.641940203372043  
0.0  38.01047318069464  
